"Everyone": {
                    "name": "Everyone",
                    "avatarURL": "",
                    "PRdata": [
    [1441584000000, 21],
    [1441587600000, 21],
    [1441591200000, 21],
    [1441594800000, 9],
    [1441598400000, 15],
    [1441602000000, 15],
    [1441605600000, 27],
    [1441609200000, 28],
    [1441612800000, 28],
    [1441616400000, 19],
    [1441620000000, 19],
    [1441623600000, 20],
    [1441627200000, 77],
    [1441630800000, 70],
    [1441634400000, 70],
    [1441638000000, 70],
    [1441641600000, 70],
    [1441645200000, 59],
    [1441648800000, 59],
    [1441652400000, 59],
    [1441656000000, 59],
    [1441659600000, 47],
    [1441663200000, 47],
    [1441666800000, 29],
    [1441670400000, 29],
    [1441674000000, 78],
    [1441677600000, 78],
    [1441681200000, 78],
    [1441684800000, 78],
    [1441688400000, 67],
    [1441692000000, 57],
    [1441695600000, 57],
    [1441699200000, 63],
    [1441702800000, 53],
    [1441706400000, 53],
    [1441710000000, 53],
    [1441713600000, 53],
    [1441717200000, 53],
    [1441720800000, 73],
    [1441724400000, 73],
    [1441728000000, 73],
    [1441731600000, 68],
    [1441735200000, 68],
    [1441738800000, 68],
    [1441742400000, 73],
    [1441746000000, 52],
    [1441749600000, 44],
    [1441753200000, 43],
    [1441756800000, 41],
    [1441760400000, 47],
    [1441764000000, 47],
    [1441767600000, 63],
    [1441771200000, 63],
    [1441774800000, 63],
    [1441778400000, 56],
    [1441782000000, 56],
    [1441785600000, 55],
    [1441789200000, 61],
    [1441792800000, 62],
    [1441796400000, 63],
    [1441800000000, 63],
    [1441803600000, 61],
    [1441807200000, 61],
    [1441810800000, 61],
    [1441814400000, 36],
    [1441818000000, 30],
    [1441821600000, 30],
    [1441825200000, 24],
    [1441828800000, 24],
    [1441832400000, 30],
    [1441836000000, 25],
    [1441839600000, 25],
    [1441843200000, 25],
    [1441846800000, 26],
    [1441850400000, 24],
    [1441854000000, 29],
    [1441857600000, 38],
    [1441861200000, 18],
    [1441864800000, 24],
    [1441868400000, 23],
    [1441872000000, 23],
    [1441875600000, 27],
    [1441879200000, 27],
    [1441882800000, 27],
    [1441886400000, 23],
    [1441890000000, 23],
    [1441893600000, 20],
    [1441897200000, 21],
    [1441900800000, 26],
    [1441904400000, 26],
    [1441908000000, 4],
    [1441911600000, 4],
    [1441915200000, 6],
    [1441918800000, 6],
    [1441922400000, 6],
    [1441926000000, 6],
    [1441929600000, 5],
    [1441933200000, 5],
    [1441936800000, 5],
    [1441940400000, 5],
    [1441944000000, 5],
    [1441947600000, 13],
    [1441951200000, 14],
    [1441954800000, 22],
    [1441958400000, 24],
    [1441962000000, 24],
    [1441965600000, 30],
    [1441969200000, 48],
    [1441972800000, 47],
    [1441976400000, 35],
    [1441980000000, 35],
    [1441983600000, 35],
    [1441987200000, 35],
    [1441990800000, 31],
    [1441994400000, 32],
    [1441998000000, 32],
    [1442001600000, 33],
    [1442005200000, 32],
    [1442008800000, 30],
    [1442012400000, 31],
    [1442016000000, 31],
    [1442019600000, 29],
    [1442023200000, 29],
    [1442026800000, 29],
    [1442030400000, 29],
    [1442034000000, 23],
    [1442037600000, 23],
    [1442041200000, 21],
    [1442044800000, 21],
    [1442048400000, 38],
    [1442052000000, 30],
    [1442055600000, 39],
    [1442059200000, 40],
    [1442062800000, 47],
    [1442066400000, 33],
    [1442070000000, 33],
    [1442073600000, 33],
    [1442077200000, 33],
    [1442080800000, 36],
    [1442084400000, 36],
    [1442088000000, 30],
    [1442091600000, 35],
    [1442095200000, 22],
    [1442098800000, 18],
    [1442102400000, 19],
    [1442106000000, 19],
    [1442109600000, 17],
    [1442113200000, 17],
    [1442116800000, 17],
    [1442120400000, 17],
    [1442124000000, 28],
    [1442127600000, 28],
    [1442131200000, 28],
    [1442134800000, 25],
    [1442138400000, 25],
    [1442142000000, 2],
    [1442145600000, 7],
    [1442149200000, 16],
    [1442152800000, 16],
    [1442156400000, 16],
    [1442160000000, 16],
    [1442163600000, 16],
    [1442167200000, 18],
    [1442170800000, 26],
    [1442174400000, 22],
    [1442178000000, 16],
    [1442181600000, 14],
    [1442185200000, 14],
    [1442188800000, 15],
    [1442192400000, 15],
    [1442196000000, 15],
    [1442199600000, 16],
    [1442203200000, 17],
    [1442206800000, 17],
    [1442210400000, 16],
    [1442214000000, 16],
    [1442217600000, 16],
    [1442221200000, 26],
    [1442224800000, 20],
    [1442228400000, 20],
    [1442232000000, 20],
    [1442235600000, 32],
    [1442239200000, 32],
    [1442242800000, 44],
    [1442246400000, 35],
    [1442250000000, 36],
    [1442253600000, 32],
    [1442257200000, 33],
    [1442260800000, 30],
    [1442264400000, 31],
    [1442268000000, 31],
    [1442271600000, 31],
    [1442275200000, 31],
    [1442278800000, 31],
    [1442282400000, 48],
    [1442286000000, 44],
    [1442289600000, 44],
    [1442293200000, 44],
    [1442296800000, 44],
    [1442300400000, 44],
    [1442304000000, 42],
    [1442307600000, 37],
    [1442311200000, 37],
    [1442314800000, 36],
    [1442318400000, 36],
    [1442322000000, 34],
    [1442325600000, 37],
    [1442329200000, 64],
    [1442332800000, 64],
    [1442336400000, 56],
    [1442340000000, 47],
    [1442343600000, 41],
    [1442347200000, 41],
    [1442350800000, 33],
    [1442354400000, 38],
    [1442358000000, 31],
    [1442361600000, 28],
    [1442365200000, 28],
    [1442368800000, 28],
    [1442372400000, 31],
    [1442376000000, 63],
    [1442379600000, 63],
    [1442383200000, 63],
    [1442386800000, 63],
    [1442390400000, 56],
    [1442394000000, 56],
    [1442397600000, 56],
    [1442401200000, 65],
    [1442404800000, 65],
    [1442408400000, 65],
    [1442412000000, 62],
    [1442415600000, 58],
    [1442419200000, 58],
    [1442422800000, 66],
    [1442426400000, 66],
    [1442430000000, 65],
    [1442433600000, 65],
    [1442437200000, 65],
    [1442440800000, 65],
    [1442444400000, 74],
    [1442448000000, 74],
    [1442451600000, 60],
    [1442455200000, 60],
    [1442458800000, 60],
    [1442462400000, 49],
    [1442466000000, 49],
    [1442469600000, 44],
    [1442473200000, 44],
    [1442476800000, 41],
    [1442480400000, 41],
    [1442484000000, 41],
    [1442487600000, 47],
    [1442491200000, 48],
    [1442494800000, 47],
    [1442498400000, 47],
    [1442502000000, 47],
    [1442505600000, 47],
    [1442509200000, 47],
    [1442512800000, 47],
    [1442516400000, 21],
    [1442520000000, 22],
    [1442523600000, 22],
    [1442527200000, 20],
    [1442530800000, 31],
    [1442534400000, 38],
    [1442538000000, 38],
    [1442541600000, 37],
    [1442545200000, 37],
    [1442548800000, 37],
    [1442552400000, 37],
    [1442556000000, 37],
    [1442559600000, 37],
    [1442563200000, 0],
    [1442566800000, 4],
    [1442570400000, 4],
    [1442574000000, 4],
    [1442577600000, 4],
    [1442581200000, 13],
    [1442584800000, 13],
    [1442588400000, 16],
    [1442592000000, 36],
    [1442595600000, 36],
    [1442599200000, 40],
    [1442602800000, 58],
    [1442606400000, 58],
    [1442610000000, 19],
    [1442613600000, 21],
    [1442617200000, 21],
    [1442620800000, 21],
    [1442624400000, 21],
    [1442628000000, 27],
    [1442631600000, 27],
    [1442635200000, 35],
    [1442638800000, 28],
    [1442642400000, 28],
    [1442646000000, 28],
    [1442649600000, 28],
    [1442653200000, 28],
    [1442656800000, 29],
    [1442660400000, 31],
    [1442664000000, 29],
    [1442667600000, 29],
    [1442671200000, 34],
    [1442674800000, 38],
    [1442678400000, 44],
    [1442682000000, 44],
    [1442685600000, 44],
    [1442689200000, 44],
    [1442692800000, 39],
    [1442696400000, 39],
    [1442700000000, 37],
    [1442703600000, 28],
    [1442707200000, 27],
    [1442710800000, 26],
    [1442714400000, 26],
    [1442718000000, 26],
    [1442721600000, 25],
    [1442725200000, 19],
    [1442728800000, 19],
    [1442732400000, 19],
    [1442736000000, 19],
    [1442739600000, 25],
    [1442743200000, 25],
    [1442746800000, 24],
    [1442750400000, 44],
    [1442754000000, 44],
    [1442757600000, 40],
    [1442761200000, 40],
    [1442764800000, 25],
    [1442768400000, 25],
    [1442772000000, 28],
    [1442775600000, 23],
    [1442779200000, 25],
    [1442782800000, 25],
    [1442786400000, 30],
    [1442790000000, 27],
    [1442793600000, 27],
    [1442797200000, 15],
    [1442800800000, 15],
    [1442804400000, 29],
    [1442808000000, 29],
    [1442811600000, 29],
    [1442815200000, 29],
    [1442818800000, 28],
    [1442822400000, 23],
    [1442826000000, 23],
    [1442829600000, 23],
    [1442833200000, 25],
    [1442836800000, 25],
    [1442840400000, 29],
    [1442844000000, 0],
    [1442847600000, 0],
    [1442851200000, 3],
    [1442854800000, 3],
    [1442858400000, 3],
    [1442862000000, 3],
    [1442865600000, 3],
    [1442869200000, 3],
    [1442872800000, 22],
    [1442876400000, 22],
    [1442880000000, 22],
    [1442883600000, 31],
    [1442887200000, 20],
    [1442890800000, 17],
    [1442894400000, 17],
    [1442898000000, 20],
    [1442901600000, 16],
    [1442905200000, 15],
    [1442908800000, 21],
    [1442912400000, 21],
    [1442916000000, 25],
    [1442919600000, 26],
    [1442923200000, 26],
    [1442926800000, 26],
    [1442930400000, 27],
    [1442934000000, 27],
    [1442937600000, 32],
    [1442941200000, 30],
    [1442944800000, 24],
    [1442948400000, 24],
    [1442952000000, 28],
    [1442955600000, 30],
    [1442959200000, 32],
    [1442962800000, 35],
    [1442966400000, 40],
    [1442970000000, 40],
    [1442973600000, 38],
    [1442977200000, 40],
    [1442980800000, 40],
    [1442984400000, 55],
    [1442988000000, 63],
    [1442991600000, 58],
    [1442995200000, 55],
    [1442998800000, 58],
    [1443002400000, 58],
    [1443006000000, 63],
    [1443009600000, 63],
    [1443013200000, 60],
    [1443016800000, 60],
    [1443020400000, 60],
    [1443024000000, 57],
    [1443027600000, 52],
    [1443031200000, 57],
    [1443034800000, 49],
    [1443038400000, 49],
    [1443042000000, 27],
    [1443045600000, 29],
    [1443049200000, 29],
    [1443052800000, 36],
    [1443056400000, 36],
    [1443060000000, 37],
    [1443063600000, 39],
    [1443067200000, 42],
    [1443070800000, 42],
    [1443074400000, 49],
    [1443078000000, 53],
    [1443081600000, 53],
    [1443085200000, 53],
    [1443088800000, 52],
    [1443092400000, 43],
    [1443096000000, 43],
    [1443099600000, 50],
    [1443103200000, 47],
    [1443106800000, 47],
    [1443110400000, 44],
    [1443114000000, 44],
    [1443117600000, 44],
    [1443121200000, 47],
    [1443124800000, 46],
    [1443128400000, 46],
    [1443132000000, 46],
    [1443135600000, 46],
    [1443139200000, 39],
    [1443142800000, 39],
    [1443146400000, 37],
    [1443150000000, 37],
    [1443153600000, 43],
    [1443157200000, 43],
    [1443160800000, 31],
    [1443164400000, 31],
    [1443168000000, 34],
    [1443171600000, 36],
    [1443175200000, 38],
    [1443178800000, 38],
    [1443182400000, 38],
    [1443186000000, 38],
    [1443189600000, 33],
    [1443193200000, 33],
    [1443196800000, 25],
    [1443200400000, 30],
    [1443204000000, 30],
    [1443207600000, 26],
    [1443211200000, 26],
    [1443214800000, 26],
    [1443218400000, 9],
    [1443222000000, 15],
    [1443225600000, 18],
    [1443229200000, 18],
    [1443232800000, 18],
    [1443236400000, 23],
    [1443240000000, 23],
    [1443243600000, 15],
    [1443247200000, 15],
    [1443250800000, 12],
    [1443254400000, 16],
    [1443258000000, 29],
    [1443261600000, 29],
    [1443265200000, 7],
    [1443268800000, 7],
    [1443272400000, 7],
    [1443276000000, 9],
    [1443279600000, 9],
    [1443283200000, 9],
    [1443286800000, 9],
    [1443290400000, 15],
    [1443294000000, 15],
    [1443297600000, 15],
    [1443301200000, 15],
    [1443304800000, 19],
    [1443308400000, 19],
    [1443312000000, 23],
    [1443315600000, 29],
    [1443319200000, 29],
    [1443322800000, 35],
    [1443326400000, 38],
    [1443330000000, 38],
    [1443333600000, 38],
    [1443337200000, 46],
    [1443340800000, 47],
    [1443344400000, 47],
    [1443348000000, 47],
    [1443351600000, 53],
    [1443355200000, 45],
    [1443358800000, 41],
    [1443362400000, 38],
    [1443366000000, 38],
    [1443369600000, 38],
    [1443373200000, 33],
    [1443376800000, 34],
    [1443380400000, 34],
    [1443384000000, 36],
    [1443387600000, 36],
    [1443391200000, 36],
    [1443394800000, 43],
    [1443398400000, 35],
    [1443402000000, 37],
    [1443405600000, 33],
    [1443409200000, 33],
    [1443412800000, 36],
    [1443416400000, 36],
    [1443420000000, 36],
    [1443423600000, 36],
    [1443427200000, 36],
    [1443430800000, 35],
    [1443434400000, 36],
    [1443438000000, 57],
    [1443441600000, 65],
    [1443445200000, 52],
    [1443448800000, 49],
    [1443452400000, 28],
    [1443456000000, 28],
    [1443459600000, 28],
    [1443463200000, 28],
    [1443466800000, 28],
    [1443470400000, 28],
    [1443474000000, 28],
    [1443477600000, 28],
    [1443481200000, 28],
    [1443484800000, 30],
    [1443488400000, 34],
    [1443492000000, 34],
    [1443495600000, 42],
    [1443499200000, 4],
    [1443502800000, 4],
    [1443506400000, 9],
    [1443510000000, 9],
    [1443513600000, 9],
    [1443517200000, 12],
    [1443520800000, 12],
    [1443524400000, 12],
    [1443528000000, 12],
    [1443531600000, 29],
    [1443535200000, 28],
    [1443538800000, 29],
    [1443542400000, 23],
    [1443546000000, 13],
    [1443549600000, 16],
    [1443553200000, 16],
    [1443556800000, 16],
    [1443560400000, 16],
    [1443564000000, 16],
    [1443567600000, 16],
    [1443571200000, 16],
    [1443574800000, 20],
    [1443578400000, 22],
    [1443582000000, 21],
    [1443585600000, 19],
    [1443589200000, 21],
    [1443592800000, 41],
    [1443596400000, 41],
    [1443600000000, 43],
    [1443603600000, 41],
    [1443607200000, 45],
    [1443610800000, 39],
    [1443614400000, 40],
    [1443618000000, 40],
    [1443621600000, 41],
    [1443625200000, 44],
    [1443628800000, 38],
    [1443632400000, 40],
    [1443636000000, 40],
    [1443639600000, 75],
    [1443643200000, 67],
    [1443646800000, 67],
    [1443650400000, 67],
    [1443654000000, 67],
    [1443657600000, 62],
    [1443661200000, 65],
    [1443664800000, 65],
    [1443668400000, 60],
    [1443672000000, 60],
    [1443675600000, 60],
    [1443679200000, 60],
    [1443682800000, 50],
    [1443686400000, 94],
    [1443690000000, 88],
    [1443693600000, 88],
    [1443697200000, 81],
    [1443700800000, 81],
    [1443704400000, 81],
    [1443708000000, 75],
    [1443711600000, 75],
    [1443715200000, 75],
    [1443718800000, 60],
    [1443722400000, 60],
    [1443726000000, 60],
    [1443729600000, 55],
    [1443733200000, 61],
    [1443736800000, 61],
    [1443740400000, 61],
    [1443744000000, 51],
    [1443747600000, 51],
    [1443751200000, 51],
    [1443754800000, 63],
    [1443758400000, 63],
    [1443762000000, 45],
    [1443765600000, 45],
    [1443769200000, 45],
    [1443772800000, 36],
    [1443776400000, 45],
    [1443780000000, 65],
    [1443783600000, 65],
    [1443787200000, 60],
    [1443790800000, 60],
    [1443794400000, 49],
    [1443798000000, 49],
    [1443801600000, 49],
    [1443805200000, 46],
    [1443808800000, 43],
    [1443812400000, 43],
    [1443816000000, 43],
    [1443819600000, 43],
    [1443823200000, 44],
    [1443826800000, 43],
    [1443830400000, 38],
    [1443834000000, 31],
    [1443837600000, 31],
    [1443841200000, 31],
    [1443844800000, 44],
    [1443848400000, 46],
    [1443852000000, 47],
    [1443855600000, 42],
    [1443859200000, 42],
    [1443862800000, 41],
    [1443866400000, 41],
    [1443870000000, 35],
    [1443873600000, 20],
    [1443877200000, 24],
    [1443880800000, 23],
    [1443884400000, 22],
    [1443888000000, 22],
    [1443891600000, 30],
    [1443895200000, 28],
    [1443898800000, 28],
    [1443902400000, 28],
    [1443906000000, 26],
    [1443909600000, 26],
    [1443913200000, 30],
    [1443916800000, 42],
    [1443920400000, 0],
    [1443924000000, 0],
    [1443927600000, 0],
    [1443931200000, 4],
    [1443934800000, 4],
    [1443938400000, 4],
    [1443942000000, 7],
    [1443945600000, 11],
    [1443949200000, 11],
    [1443952800000, 11],
    [1443956400000, 10],
    [1443960000000, 10],
    [1443963600000, 10],
    [1443967200000, 17],
    [1443970800000, 17],
    [1443974400000, 15],
    [1443978000000, 15],
    [1443981600000, 15],
    [1443985200000, 19],
    [1443988800000, 19],
    [1443992400000, 19],
    [1443996000000, 16],
    [1443999600000, 18],
    [1444003200000, 18],
    [1444006800000, 21],
    [1444010400000, 18],
    [1444014000000, 20],
    [1444017600000, 22],
    [1444021200000, 22],
    [1444024800000, 22],
    [1444028400000, 24],
    [1444032000000, 24],
    [1444035600000, 24],
    [1444039200000, 24],
    [1444042800000, 24],
    [1444046400000, 40],
    [1444050000000, 40],
    [1444053600000, 40],
    [1444057200000, 39],
    [1444060800000, 26],
    [1444064400000, 26],
    [1444068000000, 26],
    [1444071600000, 26],
    [1444075200000, 30],
    [1444078800000, 25],
    [1444082400000, 32],
    [1444086000000, 32],
    [1444089600000, 32],
    [1444093200000, 48],
    [1444096800000, 48],
    [1444100400000, 50],
    [1444104000000, 50],
    [1444107600000, 45],
    [1444111200000, 45],
    [1444114800000, 48],
    [1444118400000, 48],
    [1444122000000, 45],
    [1444125600000, 41],
    [1444129200000, 41],
    [1444132800000, 41],
    [1444136400000, 41],
    [1444140000000, 45],
    [1444143600000, 45],
    [1444147200000, 42],
    [1444150800000, 42],
    [1444154400000, 12],
    [1444158000000, 12],
    [1444161600000, 12],
    [1444165200000, 12],
    [1444168800000, 12],
    [1444172400000, 15],
    [1444176000000, 19],
    [1444179600000, 16],
    [1444183200000, 16],
    [1444186800000, 16],
    [1444190400000, 18],
    [1444194000000, 20],
    [1444197600000, 26],
    [1444201200000, 0],
    [1444204800000, 6],
    [1444208400000, 6],
    [1444212000000, 6],
    [1444215600000, 6],
    [1444219200000, 11],
    [1444222800000, 14],
    [1444226400000, 14],
    [1444230000000, 19],
    [1444233600000, 28],
    [1444237200000, 28],
    [1444240800000, 19],
    [1444244400000, 19],
    [1444248000000, 22],
    [1444251600000, 22],
    [1444255200000, 22],
    [1444258800000, 20],
    [1444262400000, 18],
    [1444266000000, 21],
    [1444269600000, 19],
    [1444273200000, 23],
    [1444276800000, 35],
    [1444280400000, 41],
    [1444284000000, 41],
    [1444287600000, 41],
    [1444291200000, 41],
    [1444294800000, 37],
    [1444298400000, 37],
    [1444302000000, 37],
    [1444305600000, 29],
    [1444309200000, 25],
    [1444312800000, 24],
    [1444316400000, 30],
    [1444320000000, 39],
    [1444323600000, 45],
    [1444327200000, 45],
    [1444330800000, 44],
    [1444334400000, 44],
    [1444338000000, 43],
    [1444341600000, 64],
    [1444345200000, 64],
    [1444348800000, 54],
    [1444352400000, 54],
    [1444356000000, 50],
    [1444359600000, 41],
    [1444363200000, 41],
    [1444366800000, 51],
    [1444370400000, 52],
    [1444374000000, 48],
    [1444377600000, 52],
    [1444381200000, 52],
    [1444384800000, 52],
    [1444388400000, 42],
    [1444392000000, 42],
    [1444395600000, 42],
    [1444399200000, 42],
    [1444402800000, 44],
    [1444406400000, 44],
    [1444410000000, 42],
    [1444413600000, 41],
    [1444417200000, 40],
    [1444420800000, 40],
    [1444424400000, 43],
    [1444428000000, 43],
    [1444431600000, 35],
    [1444435200000, 54],
    [1444438800000, 42],
    [1444442400000, 42],
    [1444446000000, 36],
    [1444449600000, 30],
    [1444453200000, 30],
    [1444456800000, 23],
    [1444460400000, 25],
    [1444464000000, 25],
    [1444467600000, 16],
    [1444471200000, 20],
    [1444474800000, 25],
    [1444478400000, 22],
    [1444482000000, 52],
    [1444485600000, 37],
    [1444489200000, 37],
    [1444492800000, 37],
    [1444496400000, 35],
    [1444500000000, 53],
    [1444503600000, 53],
    [1444507200000, 53],
    [1444510800000, 53],
    [1444514400000, 51],
    [1444518000000, 51],
    [1444521600000, 55],
    [1444525200000, 55],
    [1444528800000, 37],
    [1444532400000, 37],
    [1444536000000, 37],
    [1444539600000, 34],
    [1444543200000, 34],
    [1444546800000, 39],
    [1444550400000, 35],
    [1444554000000, 33],
    [1444557600000, 33],
    [1444561200000, 30],
    [1444564800000, 29],
    [1444568400000, 29],
    [1444572000000, 36],
    [1444575600000, 5],
    [1444579200000, 8],
    [1444582800000, 10],
    [1444586400000, 7],
    [1444590000000, 12],
    [1444593600000, 12],
    [1444597200000, 12],
    [1444600800000, 16],
    [1444604400000, 16],
    [1444608000000, 16],
    [1444611600000, 21],
    [1444615200000, 31],
    [1444618800000, 31],
    [1444622400000, 6],
    [1444626000000, 6],
    [1444629600000, 6],
    [1444633200000, 6],
    [1444636800000, 7],
    [1444640400000, 9],
    [1444644000000, 9],
    [1444647600000, 9],
    [1444651200000, 10],
    [1444654800000, 10],
    [1444658400000, 10],
    [1444662000000, 10],
    [1444665600000, 10],
    [1444669200000, 20],
    [1444672800000, 20],
    [1444676400000, 20],
    [1444680000000, 20],
    [1444683600000, 20],
    [1444687200000, 20],
    [1444690800000, 18],
    [1444694400000, 21],
    [1444698000000, 17],
    [1444701600000, 23],
    [1444705200000, 32],
    [1444708800000, 29],
    [1444712400000, 25],
    [1444716000000, 30],
    [1444719600000, 30],
    [1444723200000, 27],
    [1444726800000, 27],
    [1444730400000, 27],
    [1444734000000, 27],
    [1444737600000, 28],
    [1444741200000, 29],
    [1444744800000, 25],
    [1444748400000, 27],
    [1444752000000, 27],
    [1444755600000, 31],
    [1444759200000, 25],
    [1444762800000, 36],
    [1444766400000, 32],
    [1444770000000, 32],
    [1444773600000, 32],
    [1444777200000, 32],
    [1444780800000, 32],
    [1444784400000, 32],
    [1444788000000, 32],
    [1444791600000, 32],
    [1444795200000, 28],
    [1444798800000, 23],
    [1444802400000, 23],
    [1444806000000, 23],
    [1444809600000, 22],
    [1444813200000, 22],
    [1444816800000, 22],
    [1444820400000, 22],
    [1444824000000, 25],
    [1444827600000, 25],
    [1444831200000, 25],
    [1444834800000, 25],
    [1444838400000, 25],
    [1444842000000, 25],
    [1444845600000, 31],
    [1444849200000, 31],
    [1444852800000, 29],
    [1444856400000, 3],
    [1444860000000, 3],
    [1444863600000, 6],
    [1444867200000, 6],
    [1444870800000, 6],
    [1444874400000, 6],
    [1444878000000, 8],
    [1444881600000, 8],
    [1444885200000, 8],
    [1444888800000, 14],
    [1444892400000, 14],
    [1444896000000, 14],
    [1444899600000, 14],
    [1444903200000, 13],
    [1444906800000, 13],
    [1444910400000, 22],
    [1444914000000, 21],
    [1444917600000, 21],
    [1444921200000, 21],
    [1444924800000, 21],
    [1444928400000, 21],
    [1444932000000, 32],
    [1444935600000, 32],
    [1444939200000, 30],
    [1444942800000, 22],
    [1444946400000, 23],
    [1444950000000, 42],
    [1444953600000, 48],
    [1444957200000, 47],
    [1444960800000, 42],
    [1444964400000, 42],
    [1444968000000, 42],
    [1444971600000, 42],
    [1444975200000, 42],
    [1444978800000, 42],
    [1444982400000, 33],
    [1444986000000, 30],
    [1444989600000, 17],
    [1444993200000, 16],
    [1444996800000, 59],
    [1445000400000, 59],
    [1445004000000, 61],
    [1445007600000, 60],
    [1445011200000, 60],
    [1445014800000, 60],
    [1445018400000, 60],
    [1445022000000, 60],
    [1445025600000, 41],
    [1445029200000, 41],
    [1445032800000, 33],
    [1445036400000, 36],
    [1445040000000, 36],
    [1445043600000, 57],
    [1445047200000, 62],
    [1445050800000, 62],
    [1445054400000, 61],
    [1445058000000, 61],
    [1445061600000, 62],
    [1445065200000, 62],
    [1445068800000, 62],
    [1445072400000, 62],
    [1445076000000, 36],
    [1445079600000, 44],
    [1445083200000, 44],
    [1445086800000, 44],
    [1445090400000, 63],
    [1445094000000, 53],
    [1445097600000, 53],
    [1445101200000, 53],
    [1445104800000, 48],
    [1445108400000, 51],
    [1445112000000, 51],
    [1445115600000, 47],
    [1445119200000, 47],
    [1445122800000, 47],
    [1445126400000, 46],
    [1445130000000, 39],
    [1445133600000, 39],
    [1445137200000, 45],
    [1445140800000, 45],
    [1445144400000, 41],
    [1445148000000, 41],
    [1445151600000, 31],
    [1445155200000, 24],
    [1445158800000, 36],
    [1445162400000, 36],
    [1445166000000, 36],
    [1445169600000, 35],
    [1445173200000, 33],
    [1445176800000, 30],
    [1445180400000, 20],
    [1445184000000, 42],
    [1445187600000, 42],
    [1445191200000, 38],
    [1445194800000, 33],
    [1445198400000, 26],
    [1445202000000, 26],
    [1445205600000, 26],
    [1445209200000, 26],
    [1445212800000, 25],
    [1445216400000, 33],
    [1445220000000, 33],
    [1445223600000, 33],
    [1445227200000, 33],
    [1445230800000, 25],
    [1445234400000, 27],
    [1445238000000, 31],
    [1445241600000, 31],
    [1445245200000, 34],
    [1445248800000, 34],
    [1445252400000, 37],
    [1445256000000, 37],
    [1445259600000, 39],
    [1445263200000, 39],
    [1445266800000, 39],
    [1445270400000, 45],
    [1445274000000, 45],
    [1445277600000, 0],
    [1445281200000, 0],
    [1445284800000, 4],
    [1445288400000, 5],
    [1445292000000, 13],
    [1445295600000, 19],
    [1445299200000, 15],
    [1445302800000, 13],
    [1445306400000, 13],
    [1445310000000, 13],
    [1445313600000, 13],
    [1445317200000, 21],
    [1445320800000, 21],
    [1445324400000, 17],
    [1445328000000, 17],
    [1445331600000, 17],
    [1445335200000, 17],
    [1445338800000, 19],
    [1445342400000, 24],
    [1445346000000, 24],
    [1445349600000, 33],
    [1445353200000, 35],
    [1445356800000, 35],
    [1445360400000, 35],
    [1445364000000, 35],
    [1445367600000, 35],
    [1445371200000, 29],
    [1445374800000, 31],
    [1445378400000, 29],
    [1445382000000, 41],
    [1445385600000, 36],
    [1445389200000, 36],
    [1445392800000, 35],
    [1445396400000, 35],
    [1445400000000, 29],
    [1445403600000, 29],
    [1445407200000, 23],
    [1445410800000, 23],
    [1445414400000, 23],
    [1445418000000, 20],
    [1445421600000, 18],
    [1445425200000, 18],
    [1445428800000, 18],
    [1445432400000, 27],
    [1445436000000, 27],
    [1445439600000, 34],
    [1445443200000, 28],
    [1445446800000, 28],
    [1445450400000, 38],
    [1445454000000, 54],
    [1445457600000, 44],
    [1445461200000, 50],
    [1445464800000, 32],
    [1445468400000, 32],
    [1445472000000, 35],
    [1445475600000, 35],
    [1445479200000, 35],
    [1445482800000, 32],
    [1445486400000, 31],
    [1445490000000, 27],
    [1445493600000, 27],
    [1445497200000, 27],
    [1445500800000, 30],
    [1445504400000, 17],
    [1445508000000, 17],
    [1445511600000, 14],
    [1445515200000, 14],
    [1445518800000, 14],
    [1445522400000, 28],
    [1445526000000, 29],
    [1445529600000, 33],
    [1445533200000, 29],
    [1445536800000, 29],
    [1445540400000, 32],
    [1445544000000, 32],
    [1445547600000, 32],
    [1445551200000, 28],
    [1445554800000, 28],
    [1445558400000, 0],
    [1445562000000, 0],
    [1445565600000, 0],
    [1445569200000, 5],
    [1445572800000, 4],
    [1445576400000, 4],
    [1445580000000, 4],
    [1445583600000, 4],
    [1445587200000, 4],
    [1445590800000, 4],
    [1445594400000, 4],
    [1445598000000, 4],
    [1445601600000, 5],
    [1445605200000, 22],
    [1445608800000, 22],
    [1445612400000, 39],
    [1445616000000, 27],
    [1445619600000, 29],
    [1445623200000, 29],
    [1445626800000, 29],
    [1445630400000, 27],
    [1445634000000, 27],
    [1445637600000, 26],
    [1445641200000, 26],
    [1445644800000, 26],
    [1445648400000, 26],
    [1445652000000, 39],
    [1445655600000, 39],
    [1445659200000, 40],
    [1445662800000, 40],
    [1445666400000, 36],
    [1445670000000, 36],
    [1445673600000, 37],
    [1445677200000, 37],
    [1445680800000, 37],
    [1445684400000, 33],
    [1445688000000, 33],
    [1445691600000, 39],
    [1445695200000, 39],
    [1445698800000, 63],
    [1445702400000, 63],
    [1445706000000, 51],
    [1445709600000, 51],
    [1445713200000, 51],
    [1445716800000, 46],
    [1445720400000, 43],
    [1445724000000, 41],
    [1445727600000, 47],
    [1445731200000, 43],
    [1445734800000, 37],
    [1445738400000, 37],
    [1445742000000, 35],
    [1445745600000, 63],
    [1445749200000, 63],
    [1445752800000, 63],
    [1445756400000, 58],
    [1445760000000, 52],
    [1445763600000, 45],
    [1445767200000, 45],
    [1445770800000, 47],
    [1445774400000, 47],
    [1445778000000, 46],
    [1445781600000, 45],
    [1445785200000, 39],
    [1445788800000, 39],
    [1445792400000, 72],
    [1445796000000, 65],
    [1445799600000, 49],
    [1445803200000, 37],
    [1445806800000, 33],
    [1445810400000, 33],
    [1445814000000, 33],
    [1445817600000, 33],
    [1445821200000, 33],
    [1445824800000, 33],
    [1445828400000, 31],
    [1445832000000, 31],
    [1445835600000, 31],
    [1445839200000, 59],
    [1445842800000, 59],
    [1445846400000, 64],
    [1445850000000, 64],
    [1445853600000, 66],
    [1445857200000, 60],
    [1445860800000, 60],
    [1445864400000, 56],
    [1445868000000, 56],
    [1445871600000, 58],
    [1445875200000, 58],
    [1445878800000, 62],
    [1445882400000, 62],
    [1445886000000, 29],
    [1445889600000, 29],
    [1445893200000, 29],
    [1445896800000, 24],
    [1445900400000, 28],
    [1445904000000, 28],
    [1445907600000, 28],
    [1445911200000, 23],
    [1445914800000, 23],
    [1445918400000, 23],
    [1445922000000, 17],
    [1445925600000, 30],
    [1445929200000, 27],
    [1445932800000, 16],
    [1445936400000, 17],
    [1445940000000, 20],
    [1445943600000, 19],
    [1445947200000, 24],
    [1445950800000, 24],
    [1445954400000, 24],
    [1445958000000, 24],
    [1445961600000, 24],
    [1445965200000, 24],
    [1445968800000, 30],
    [1445972400000, 30],
    [1445976000000, 30],
    [1445979600000, 7],
    [1445983200000, 7],
    [1445986800000, 9],
    [1445990400000, 13],
    [1445994000000, 13],
    [1445997600000, 35],
    [1446001200000, 33],
    [1446004800000, 33],
    [1446008400000, 33],
    [1446012000000, 36],
    [1446015600000, 36],
    [1446019200000, 36],
    [1446022800000, 36],
    [1446026400000, 31],
    [1446030000000, 33],
    [1446033600000, 33],
    [1446037200000, 33],
    [1446040800000, 33],
    [1446044400000, 33],
    [1446048000000, 22],
    [1446051600000, 22],
    [1446055200000, 21],
    [1446058800000, 20],
    [1446062400000, 20],
    [1446066000000, 20],
    [1446069600000, 17],
    [1446073200000, 38],
    [1446076800000, 42],
    [1446080400000, 41],
    [1446084000000, 41],
    [1446087600000, 41],
    [1446091200000, 39],
    [1446094800000, 39],
    [1446098400000, 35],
    [1446102000000, 34],
    [1446105600000, 41],
    [1446109200000, 41],
    [1446112800000, 41],
    [1446116400000, 40],
    [1446120000000, 33],
    [1446123600000, 33],
    [1446127200000, 33],
    [1446130800000, 39],
    [1446134400000, 37],
    [1446138000000, 34],
    [1446141600000, 34],
    [1446145200000, 24],
    [1446148800000, 24],
    [1446152400000, 25],
    [1446156000000, 25],
    [1446159600000, 22],
    [1446163200000, 23],
    [1446166800000, 9],
    [1446170400000, 12],
    [1446174000000, 19],
    [1446177600000, 19],
    [1446181200000, 20],
    [1446184800000, 16],
    [1446188400000, 16],
    [1446192000000, 16],
    [1446195600000, 24],
    [1446199200000, 24],
    [1446202800000, 28],
    [1446206400000, 26],
    [1446210000000, 20],
    [1446213600000, 6],
    [1446217200000, 6],
    [1446220800000, 38],
    [1446224400000, 45],
    [1446228000000, 45],
    [1446231600000, 48],
    [1446235200000, 44],
    [1446238800000, 42],
    [1446242400000, 42],
    [1446246000000, 42],
    [1446249600000, 42],
    [1446253200000, 42],
    [1446256800000, 45],
    [1446260400000, 12],
    [1446264000000, 20],
    [1446267600000, 32],
    [1446271200000, 30],
    [1446274800000, 30],
    [1446278400000, 30],
    [1446282000000, 30],
    [1446285600000, 30],
    [1446289200000, 49],
    [1446292800000, 52],
    [1446296400000, 45],
    [1446300000000, 36],
    [1446303600000, 37],
    [1446307200000, 29],
    [1446310800000, 29],
    [1446314400000, 45],
    [1446318000000, 45],
    [1446321600000, 45],
    [1446325200000, 41],
    [1446328800000, 34],
    [1446332400000, 34],
    [1446336000000, 34],
    [1446339600000, 34],
    [1446343200000, 30],
    [1446346800000, 30],
    [1446350400000, 30],
    [1446354000000, 59],
    [1446357600000, 59],
    [1446361200000, 59],
    [1446364800000, 53],
    [1446368400000, 47],
    [1446372000000, 47],
    [1446375600000, 47],
    [1446379200000, 39],
    [1446382800000, 38],
    [1446386400000, 36],
    [1446390000000, 34],
    [1446393600000, 34],
    [1446397200000, 33],
    [1446400800000, 41],
    [1446404400000, 41],
    [1446408000000, 29],
    [1446411600000, 29],
    [1446415200000, 29],
    [1446418800000, 29],
    [1446422400000, 29]
]
                    "ClosedData":
                },